746.42577	0.18121
744.49702	0.18237
742.56827	0.18351
740.63952	0.18477
738.71077	0.18620
736.78202	0.18756
734.85327	0.18870
732.92452	0.18973
730.99578	0.19080
729.06703	0.19193
727.13828	0.19309
725.20953	0.19413
723.28078	0.19501
721.35203	0.19592
719.42328	0.19701
717.49453	0.19820
715.56579	0.19928
713.63704	0.20021
711.70829	0.20112
709.77954	0.20208
707.85079	0.20303
705.92204	0.20393
703.99329	0.20485
702.06454	0.20581
700.13580	0.20677
698.20705	0.20771
696.27830	0.20867
694.34955	0.20961
692.42080	0.21046
690.49205	0.21132
688.56330	0.21229
686.63455	0.21326
684.70581	0.21412
682.77706	0.21495
680.84831	0.21584
678.91956	0.21679
676.99081	0.21768
675.06206	0.21838
673.13331	0.21900
671.20456	0.21968
669.27582	0.22041
667.34707	0.22111
665.41832	0.22179
663.48957	0.22252
661.56082	0.22329
659.63207	0.22400
657.70332	0.22460
655.77457	0.22521
653.84583	0.22595
651.91708	0.22669
649.98833	0.22734
648.05958	0.22801
646.13083	0.22869
644.20208	0.22926
642.27333	0.22968
640.34458	0.23007
638.41584	0.23057
636.48709	0.23108
634.55834	0.23138
632.62959	0.23154
630.70084	0.23175
628.77209	0.23203
626.84334	0.23229
624.91459	0.23219
622.98585	0.23172
621.05710	0.23170
619.12835	0.23190
617.19960	0.23136
615.27085	0.23017
613.34210	0.22913
611.41335	0.22994
609.48460	0.23299
607.55586	0.23588
605.62711	0.23739
603.69836	0.23835
601.76961	0.23922
599.84086	0.23977
597.91211	0.24013
595.98336	0.24038
594.05461	0.24039
592.12587	0.24032
590.19712	0.24024
588.26837	0.24011
586.33962	0.24014
584.41087	0.24039
582.48212	0.24064
580.55337	0.24073
578.62462	0.24068
576.69588	0.24059
574.76713	0.24055
572.83838	0.24049
570.90963	0.24043
568.98088	0.24063
567.05213	0.24104
565.12338	0.24130
563.19463	0.24129
561.26589	0.24111
559.33714	0.24086
557.40839	0.24082
555.47964	0.24097
553.55089	0.24083
551.62214	0.24024
549.69339	0.23971
547.76464	0.23957
545.83590	0.23963
543.90715	0.23957
541.97840	0.23942
540.04965	0.23925
538.12090	0.23899
536.19215	0.23871
534.26340	0.23856
532.33465	0.23843
530.40591	0.23822
528.47716	0.23810
526.54841	0.23816
524.61966	0.23818
522.69091	0.23807
520.76216	0.23791
518.83341	0.23775
516.90466	0.23759
514.97592	0.23739
513.04717	0.23723
511.11842	0.23713
509.18967	0.23695
507.26092	0.23657
505.33217	0.23613
503.40342	0.23575
501.47467	0.23546
499.54593	0.23526
497.61718	0.23505
495.68843	0.23475
493.75968	0.23427
491.83093	0.23370
489.90218	0.23327
487.97343	0.23307
486.04468	0.23283
484.11594	0.23240
482.18719	0.23192
480.25844	0.23152
478.32969	0.23119
476.40094	0.23075
474.47219	0.23015
472.54344	0.22947
470.61469	0.22891
468.68595	0.22850
466.75720	0.22801
464.82845	0.22742
462.89970	0.22687
460.97095	0.22628
459.04220	0.22567
457.11345	0.22518
455.18470	0.22479
453.25596	0.22436
451.32721	0.22389
449.39846	0.22332
447.46971	0.22270
445.54096	0.22217
443.61221	0.22167
441.68346	0.22111
439.75471	0.22051
437.82597	0.21996
435.89722	0.21938
433.96847	0.21877
432.03972	0.21815
430.11097	0.21748
428.18222	0.21672
426.25347	0.21591
424.32472	0.21522
422.39598	0.21458
420.46723	0.21391
418.53848	0.21320
416.60973	0.21245
414.68098	0.21161
412.75223	0.21072
410.82348	0.20986
408.89473	0.20895
406.96599	0.20806
405.03724	0.20721
403.10849	0.20628
401.17974	0.20517
399.25099	0.20401
397.32224	0.20304
395.39349	0.20232
393.46474	0.20167
391.53600	0.20088
389.60725	0.19993
387.67850	0.19891
385.74975	0.19793
383.82100	0.19707
381.89225	0.19623
379.96350	0.19529
378.03475	0.19432
376.10601	0.19337
374.17726	0.19245
372.24851	0.19150
370.31976	0.19044
368.39101	0.18937
366.46226	0.18838
364.53351	0.18738
362.60476	0.18625
360.67602	0.18503
358.74727	0.18388
356.81852	0.18283
354.88977	0.18173
352.96102	0.18052
351.03227	0.17922
349.10352	0.17790
347.17477	0.17661
345.24603	0.17543
343.31728	0.17428
341.38853	0.17299
339.45978	0.17160
337.53103	0.17016
335.60228	0.16865
333.67353	0.16719
331.74478	0.16584
329.81604	0.16449
327.88729	0.16309
325.95854	0.16175
324.02979	0.16057
322.10104	0.15946
320.17229	0.15822
318.24354	0.15681
316.31479	0.15542
314.38605	0.15413
312.45730	0.15289
310.52855	0.15158
308.59980	0.15018
306.67105	0.14869
304.74230	0.14713
302.81355	0.14569
300.88480	0.14454
298.95606	0.14348
297.02731	0.14226
295.09856	0.14095
293.16981	0.13970
291.24106	0.13859
289.31231	0.13751
287.38356	0.13644
285.45481	0.13535
283.52607	0.13417
281.59732	0.13291
279.66857	0.13177
277.73982	0.13088
275.81107	0.13012
273.88232	0.12935
271.95357	0.12857
270.02482	0.12771
268.09608	0.12677
266.16733	0.12597
264.23858	0.12536
262.30983	0.12476
260.38108	0.12409
258.45233	0.12336
256.52358	0.12255
254.59483	0.12172
252.66609	0.12112
250.73734	0.12063
248.80859	0.12005
246.87984	0.11948
244.95109	0.11909
243.02234	0.11880
241.09359	0.11848
239.16484	0.11806
237.23610	0.11755
235.30735	0.11694
233.37860	0.11640
231.44985	0.11608
229.52110	0.11589
227.59235	0.11569
225.66360	0.11556
223.73485	0.11544
221.80611	0.11533
219.87736	0.11531
217.94861	0.11525
216.01986	0.11505
214.09111	0.11489
212.16236	0.11493
210.23361	0.11501
208.30486	0.11506
206.37612	0.11514
204.44737	0.11501
202.51862	0.11488
200.58987	0.11513
198.66112	0.11558
196.73237	0.11593
194.80362	0.11623
192.87487	0.11638
190.94613	0.11609
189.01738	0.11583
187.08863	0.11611
185.15988	0.11665
183.23113	0.11699
181.30238	0.11729
179.37363	0.11756
177.44488	0.11757
175.51614	0.11762
173.58739	0.11766
171.65864	0.11742
169.72989	0.11704
167.80114	0.11707
165.87239	0.11728
163.94364	0.11719
162.01489	0.11712
160.08615	0.11705
158.15740	0.11686
156.22865	0.11649
154.29990	0.11630
152.37115	0.11629
150.44240	0.11617
148.51365	0.11593
146.58490	0.11546
144.65616	0.11500
142.72741	0.11416
140.79866	0.11332
138.86991	0.11300
136.94116	0.11287
135.01241	0.11217
133.08366	0.11075
131.15491	0.10971
129.22617	0.10878
127.29742	0.10808
125.36867	0.10742
123.43992	0.10651
121.51117	0.10551
119.58242	0.10440
117.65367	0.10382
115.72492	0.10268
113.79618	0.10120
111.86743	0.09982
109.93868	0.09888
108.00993	0.09788
106.08118	0.09601
104.15243	0.09441
102.22368	0.09281
100.29493	0.09194
98.36619	0.09144
96.43744	0.09133
94.50869	0.09156
92.57994	0.09084
90.65119	0.08924
88.72244	0.08631
86.79369	0.08420
84.86494	0.08236
82.93620	0.08084
81.00745	0.07944
79.07870	0.07852
77.14995	0.07927
75.22120	0.07743
73.29245	0.07513
71.36370	0.07322
69.43495	0.07290
67.50621	0.07250
65.57746	0.06923
63.64871	0.06636
61.71996	0.06345
59.79121	0.06422
57.86246	0.06314
55.93371	0.06018
54.00496	0.05650
52.07622	0.05305
50.14747	0.05280
48.21872	0.04946
