746.42577	0.18018
744.49702	0.18140
742.56827	0.18242
740.63952	0.18351
738.71077	0.18486
736.78202	0.18637
734.85327	0.18774
732.92452	0.18877
730.99578	0.18964
729.06703	0.19064
727.13828	0.19176
725.20953	0.19285
723.28078	0.19387
721.35203	0.19491
719.42328	0.19604
717.49453	0.19719
715.56579	0.19821
713.63704	0.19914
711.70829	0.20001
709.77954	0.20085
707.85079	0.20171
705.92204	0.20262
703.99329	0.20356
702.06454	0.20454
700.13580	0.20549
698.20705	0.20641
696.27830	0.20736
694.34955	0.20836
692.42080	0.20932
690.49205	0.21023
688.56330	0.21113
686.63455	0.21198
684.70581	0.21283
682.77706	0.21372
680.84831	0.21461
678.91956	0.21546
676.99081	0.21627
675.06206	0.21704
673.13331	0.21772
671.20456	0.21837
669.27582	0.21910
667.34707	0.21984
665.41832	0.22055
663.48957	0.22131
661.56082	0.22207
659.63207	0.22270
657.70332	0.22330
655.77457	0.22398
653.84583	0.22470
651.91708	0.22542
649.98833	0.22614
648.05958	0.22684
646.13083	0.22743
644.20208	0.22793
642.27333	0.22848
640.34458	0.22906
638.41584	0.22959
636.48709	0.23009
634.55834	0.23055
632.62959	0.23095
630.70084	0.23127
628.77209	0.23141
626.84334	0.23135
624.91459	0.23121
622.98585	0.23067
621.05710	0.22933
619.12835	0.22865
617.19960	0.22891
615.27085	0.22893
613.34210	0.22827
611.41335	0.22801
609.48460	0.22958
607.55586	0.23208
605.62711	0.23408
603.69836	0.23601
601.76961	0.23811
599.84086	0.23937
597.91211	0.23977
595.98336	0.23987
594.05461	0.23989
592.12587	0.24003
590.19712	0.24026
588.26837	0.24035
586.33962	0.24034
584.41087	0.24038
582.48212	0.24043
580.55337	0.24042
578.62462	0.24042
576.69588	0.24050
574.76713	0.24058
572.83838	0.24056
570.90963	0.24044
568.98088	0.24037
567.05213	0.24053
565.12338	0.24082
563.19463	0.24095
561.26589	0.24095
559.33714	0.24078
557.40839	0.24046
555.47964	0.24040
553.55089	0.24062
551.62214	0.24066
549.69339	0.24043
547.76464	0.24023
545.83590	0.24021
543.90715	0.24022
541.97840	0.24008
540.04965	0.23983
538.12090	0.23947
536.19215	0.23913
534.26340	0.23902
532.33465	0.23906
530.40591	0.23898
528.47716	0.23887
526.54841	0.23888
524.61966	0.23890
522.69091	0.23872
520.76216	0.23841
518.83341	0.23826
516.90466	0.23834
514.97592	0.23840
513.04717	0.23826
511.11842	0.23802
509.18967	0.23775
507.26092	0.23745
505.33217	0.23720
503.40342	0.23692
501.47467	0.23657
499.54593	0.23629
497.61718	0.23612
495.68843	0.23585
493.75968	0.23546
491.83093	0.23514
489.90218	0.23495
487.97343	0.23475
486.04468	0.23443
484.11594	0.23400
482.18719	0.23362
480.25844	0.23332
478.32969	0.23294
476.40094	0.23237
474.47219	0.23171
472.54344	0.23119
470.61469	0.23082
468.68595	0.23036
466.75720	0.22976
464.82845	0.22910
462.89970	0.22846
460.97095	0.22790
459.04220	0.22742
457.11345	0.22702
455.18470	0.22665
453.25596	0.22618
451.32721	0.22565
449.39846	0.22525
447.46971	0.22492
445.54096	0.22441
443.61221	0.22379
441.68346	0.22324
439.75471	0.22269
437.82597	0.22209
435.89722	0.22146
433.96847	0.22082
432.03972	0.22016
430.11097	0.21957
428.18222	0.21890
426.25347	0.21813
424.32472	0.21749
422.39598	0.21689
420.46723	0.21614
418.53848	0.21530
416.60973	0.21454
414.68098	0.21384
412.75223	0.21308
410.82348	0.21220
408.89473	0.21132
406.96599	0.21043
405.03724	0.20949
403.10849	0.20856
401.17974	0.20771
399.25099	0.20681
397.32224	0.20587
395.39349	0.20501
393.46474	0.20422
391.53600	0.20332
389.60725	0.20223
387.67850	0.20116
385.74975	0.20028
383.82100	0.19956
381.89225	0.19881
379.96350	0.19795
378.03475	0.19698
376.10601	0.19596
374.17726	0.19493
372.24851	0.19382
370.31976	0.19270
368.39101	0.19177
366.46226	0.19098
364.53351	0.19001
362.60476	0.18887
360.67602	0.18773
358.74727	0.18650
356.81852	0.18517
354.88977	0.18393
352.96102	0.18281
351.03227	0.18167
349.10352	0.18047
347.17477	0.17922
345.24603	0.17789
343.31728	0.17652
341.38853	0.17518
339.45978	0.17388
337.53103	0.17257
335.60228	0.17128
333.67353	0.16992
331.74478	0.16840
329.81604	0.16679
327.88729	0.16528
325.95854	0.16394
324.02979	0.16268
322.10104	0.16144
320.17229	0.16023
318.24354	0.15902
316.31479	0.15779
314.38605	0.15645
312.45730	0.15499
310.52855	0.15351
308.59980	0.15205
306.67105	0.15063
304.74230	0.14922
302.81355	0.14781
300.88480	0.14652
298.95606	0.14531
297.02731	0.14400
295.09856	0.14261
293.16981	0.14129
291.24106	0.14011
289.31231	0.13896
287.38356	0.13779
285.45481	0.13669
283.52607	0.13560
281.59732	0.13452
279.66857	0.13348
277.73982	0.13247
275.81107	0.13147
273.88232	0.13051
271.95357	0.12960
270.02482	0.12870
268.09608	0.12786
266.16733	0.12714
264.23858	0.12651
262.30983	0.12590
260.38108	0.12525
258.45233	0.12453
256.52358	0.12376
254.59483	0.12295
252.66609	0.12224
250.73734	0.12161
248.80859	0.12094
246.87984	0.12041
244.95109	0.11999
243.02234	0.11958
241.09359	0.11921
239.16484	0.11878
237.23610	0.11818
235.30735	0.11758
233.37860	0.11719
231.44985	0.11706
229.52110	0.11695
227.59235	0.11664
225.66360	0.11625
223.73485	0.11591
221.80611	0.11576
219.87736	0.11588
217.94861	0.11592
216.01986	0.11550
214.09111	0.11503
212.16236	0.11498
210.23361	0.11516
208.30486	0.11540
206.37612	0.11555
204.44737	0.11539
202.51862	0.11521
200.58987	0.11536
198.66112	0.11564
196.73237	0.11577
194.80362	0.11593
192.87487	0.11612
190.94613	0.11609
189.01738	0.11601
187.08863	0.11619
185.15988	0.11661
183.23113	0.11678
181.30238	0.11688
179.37363	0.11737
177.44488	0.11794
175.51614	0.11819
173.58739	0.11814
171.65864	0.11817
169.72989	0.11814
167.80114	0.11794
165.87239	0.11779
163.94364	0.11792
162.01489	0.11826
160.08615	0.11841
158.15740	0.11844
156.22865	0.11832
154.29990	0.11823
152.37115	0.11794
150.44240	0.11729
148.51365	0.11670
146.58490	0.11623
144.65616	0.11599
142.72741	0.11558
140.79866	0.11520
138.86991	0.11473
136.94116	0.11373
135.01241	0.11228
133.08366	0.11097
131.15491	0.11071
129.22617	0.11015
127.29742	0.10912
125.36867	0.10842
123.43992	0.10783
121.51117	0.10679
119.58242	0.10513
117.65367	0.10376
115.72492	0.10243
113.79618	0.10127
111.86743	0.09989
109.93868	0.09917
108.00993	0.09937
106.08118	0.09890
104.15243	0.09776
102.22368	0.09564
100.29493	0.09397
98.36619	0.09259
96.43744	0.09113
94.50869	0.08963
92.57994	0.08862
90.65119	0.08883
88.72244	0.08742
86.79369	0.08538
84.86494	0.08299
82.93620	0.08130
81.00745	0.08054
79.07870	0.07930
77.14995	0.07862
75.22120	0.07636
73.29245	0.07363
71.36370	0.07051
69.43495	0.06938
67.50621	0.06902
65.57746	0.06723
63.64871	0.06690
61.71996	0.06486
59.79121	0.06364
57.86246	0.06034
55.93371	0.05659
54.00496	0.05299
52.07622	0.05057
50.14747	0.05082
48.21872	0.04701
