746.42577	0.18189
744.49702	0.18311
742.56827	0.18438
740.63952	0.18572
738.71077	0.18708
736.78202	0.18846
734.85327	0.18975
732.92452	0.19086
730.99578	0.19193
729.06703	0.19315
727.13828	0.19441
725.20953	0.19558
723.28078	0.19663
721.35203	0.19759
719.42328	0.19860
717.49453	0.19978
715.56579	0.20103
713.63704	0.20221
711.70829	0.20326
709.77954	0.20426
707.85079	0.20528
705.92204	0.20633
703.99329	0.20735
702.06454	0.20835
700.13580	0.20938
698.20705	0.21044
696.27830	0.21150
694.34955	0.21254
692.42080	0.21354
690.49205	0.21456
688.56330	0.21559
686.63455	0.21656
684.70581	0.21745
682.77706	0.21830
680.84831	0.21921
678.91956	0.22017
676.99081	0.22115
675.06206	0.22210
673.13331	0.22298
671.20456	0.22374
669.27582	0.22443
667.34707	0.22518
665.41832	0.22601
663.48957	0.22689
661.56082	0.22779
659.63207	0.22866
657.70332	0.22942
655.77457	0.23009
653.84583	0.23079
651.91708	0.23160
649.98833	0.23243
648.05958	0.23315
646.13083	0.23381
644.20208	0.23447
642.27333	0.23511
640.34458	0.23569
638.41584	0.23627
636.48709	0.23690
634.55834	0.23742
632.62959	0.23774
630.70084	0.23794
628.77209	0.23819
626.84334	0.23859
624.91459	0.23857
622.98585	0.23723
621.05710	0.23594
619.12835	0.23595
617.19960	0.23559
615.27085	0.23574
613.34210	0.23723
611.41335	0.23966
609.48460	0.24272
607.55586	0.24512
605.62711	0.24614
603.69836	0.24618
601.76961	0.24593
599.84086	0.24574
597.91211	0.24564
595.98336	0.24588
594.05461	0.24657
592.12587	0.24731
590.19712	0.24763
588.26837	0.24761
586.33962	0.24766
584.41087	0.24775
582.48212	0.24761
580.55337	0.24741
578.62462	0.24737
576.69588	0.24738
574.76713	0.24734
572.83838	0.24733
570.90963	0.24736
568.98088	0.24739
567.05213	0.24748
565.12338	0.24762
563.19463	0.24771
561.26589	0.24760
559.33714	0.24732
557.40839	0.24709
555.47964	0.24706
553.55089	0.24704
551.62214	0.24685
549.69339	0.24657
547.76464	0.24628
545.83590	0.24607
543.90715	0.24596
541.97840	0.24585
540.04965	0.24579
538.12090	0.24573
536.19215	0.24545
534.26340	0.24504
532.33465	0.24474
530.40591	0.24455
528.47716	0.24440
526.54841	0.24437
524.61966	0.24436
522.69091	0.24422
520.76216	0.24397
518.83341	0.24372
516.90466	0.24354
514.97592	0.24340
513.04717	0.24320
511.11842	0.24292
509.18967	0.24262
507.26092	0.24235
505.33217	0.24212
503.40342	0.24185
501.47467	0.24144
499.54593	0.24102
497.61718	0.24066
495.68843	0.24030
493.75968	0.23983
491.83093	0.23929
489.90218	0.23873
487.97343	0.23827
486.04468	0.23799
484.11594	0.23773
482.18719	0.23743
480.25844	0.23710
478.32969	0.23662
476.40094	0.23594
474.47219	0.23525
472.54344	0.23467
470.61469	0.23412
468.68595	0.23362
466.75720	0.23313
464.82845	0.23251
462.89970	0.23183
460.97095	0.23126
459.04220	0.23082
457.11345	0.23041
455.18470	0.22994
453.25596	0.22936
451.32721	0.22877
449.39846	0.22827
447.46971	0.22784
445.54096	0.22735
443.61221	0.22679
441.68346	0.22630
439.75471	0.22581
437.82597	0.22513
435.89722	0.22431
433.96847	0.22355
432.03972	0.22294
430.11097	0.22239
428.18222	0.22177
426.25347	0.22104
424.32472	0.22031
422.39598	0.21954
420.46723	0.21870
418.53848	0.21786
416.60973	0.21706
414.68098	0.21623
412.75223	0.21530
410.82348	0.21428
408.89473	0.21321
406.96599	0.21216
405.03724	0.21113
403.10849	0.21011
401.17974	0.20904
399.25099	0.20796
397.32224	0.20698
395.39349	0.20609
393.46474	0.20515
391.53600	0.20409
389.60725	0.20300
387.67850	0.20192
385.74975	0.20088
383.82100	0.19991
381.89225	0.19900
379.96350	0.19798
378.03475	0.19680
376.10601	0.19561
374.17726	0.19452
372.24851	0.19343
370.31976	0.19228
368.39101	0.19109
366.46226	0.18991
364.53351	0.18869
362.60476	0.18737
360.67602	0.18599
358.74727	0.18459
356.81852	0.18319
354.88977	0.18181
352.96102	0.18048
351.03227	0.17923
349.10352	0.17800
347.17477	0.17672
345.24603	0.17539
343.31728	0.17400
341.38853	0.17255
339.45978	0.17111
337.53103	0.16965
335.60228	0.16817
333.67353	0.16677
331.74478	0.16543
329.81604	0.16394
327.88729	0.16234
325.95854	0.16086
324.02979	0.15954
322.10104	0.15834
320.17229	0.15712
318.24354	0.15575
316.31479	0.15427
314.38605	0.15290
312.45730	0.15171
310.52855	0.15044
308.59980	0.14896
306.67105	0.14742
304.74230	0.14581
302.81355	0.14431
300.88480	0.14320
298.95606	0.14230
297.02731	0.14125
295.09856	0.14000
293.16981	0.13869
291.24106	0.13743
289.31231	0.13625
287.38356	0.13520
285.45481	0.13422
283.52607	0.13313
281.59732	0.13202
279.66857	0.13108
277.73982	0.13028
275.81107	0.12951
273.88232	0.12868
271.95357	0.12786
270.02482	0.12713
268.09608	0.12644
266.16733	0.12582
264.23858	0.12533
262.30983	0.12482
260.38108	0.12416
258.45233	0.12332
256.52358	0.12235
254.59483	0.12155
252.66609	0.12119
250.73734	0.12096
248.80859	0.12055
246.87984	0.12012
244.95109	0.11987
243.02234	0.11968
241.09359	0.11931
239.16484	0.11880
237.23610	0.11840
235.30735	0.11809
233.37860	0.11782
231.44985	0.11767
229.52110	0.11755
227.59235	0.11725
225.66360	0.11696
223.73485	0.11679
221.80611	0.11688
219.87736	0.11718
217.94861	0.11727
216.01986	0.11702
214.09111	0.11687
212.16236	0.11697
210.23361	0.11704
208.30486	0.11721
206.37612	0.11742
204.44737	0.11739
202.51862	0.11756
200.58987	0.11813
198.66112	0.11863
196.73237	0.11878
194.80362	0.11881
192.87487	0.11890
190.94613	0.11898
189.01738	0.11914
187.08863	0.11945
185.15988	0.11979
183.23113	0.11980
181.30238	0.11974
179.37363	0.11988
177.44488	0.12009
175.51614	0.12036
173.58739	0.12057
171.65864	0.12058
169.72989	0.12039
167.80114	0.12050
165.87239	0.12090
163.94364	0.12097
162.01489	0.12063
160.08615	0.12031
158.15740	0.12052
156.22865	0.12080
154.29990	0.12076
152.37115	0.12034
150.44240	0.11991
148.51365	0.11979
146.58490	0.11966
144.65616	0.11968
142.72741	0.11901
140.79866	0.11749
138.86991	0.11622
136.94116	0.11595
135.01241	0.11593
133.08366	0.11503
131.15491	0.11410
129.22617	0.11314
127.29742	0.11226
125.36867	0.11137
123.43992	0.11039
121.51117	0.10934
119.58242	0.10811
117.65367	0.10744
115.72492	0.10671
113.79618	0.10625
111.86743	0.10537
109.93868	0.10377
108.00993	0.10198
106.08118	0.09995
104.15243	0.09815
102.22368	0.09640
100.29493	0.09610
98.36619	0.09599
96.43744	0.09557
94.50869	0.09489
92.57994	0.09301
90.65119	0.09093
88.72244	0.08797
86.79369	0.08611
84.86494	0.08486
82.93620	0.08425
81.00745	0.08347
79.07870	0.08170
77.14995	0.08092
75.22120	0.07842
73.29245	0.07637
71.36370	0.07523
69.43495	0.07577
67.50621	0.07542
65.57746	0.07212
63.64871	0.06884
61.71996	0.06323
59.79121	0.06110
57.86246	0.06035
55.93371	0.06043
54.00496	0.05793
52.07622	0.05415
50.14747	0.05573
48.21872	0.05310
