746.42577	0.18414
744.49702	0.18550
742.56827	0.18684
740.63952	0.18819
738.71077	0.18961
736.78202	0.19086
734.85327	0.19190
732.92452	0.19296
730.99578	0.19418
729.06703	0.19540
727.13828	0.19651
725.20953	0.19762
723.28078	0.19878
721.35203	0.19997
719.42328	0.20114
717.49453	0.20224
715.56579	0.20329
713.63704	0.20444
711.70829	0.20562
709.77954	0.20667
707.85079	0.20760
705.92204	0.20854
703.99329	0.20958
702.06454	0.21064
700.13580	0.21165
698.20705	0.21264
696.27830	0.21369
694.34955	0.21478
692.42080	0.21583
690.49205	0.21678
688.56330	0.21773
686.63455	0.21872
684.70581	0.21969
682.77706	0.22065
680.84831	0.22158
678.91956	0.22251
676.99081	0.22350
675.06206	0.22447
673.13331	0.22525
671.20456	0.22590
669.27582	0.22660
667.34707	0.22745
665.41832	0.22835
663.48957	0.22916
661.56082	0.22994
659.63207	0.23074
657.70332	0.23148
655.77457	0.23218
653.84583	0.23290
651.91708	0.23366
649.98833	0.23440
648.05958	0.23509
646.13083	0.23582
644.20208	0.23661
642.27333	0.23728
640.34458	0.23782
638.41584	0.23843
636.48709	0.23908
634.55834	0.23953
632.62959	0.23983
630.70084	0.24014
628.77209	0.24050
626.84334	0.24085
624.91459	0.24095
622.98585	0.24051
621.05710	0.24011
619.12835	0.23992
617.19960	0.23885
615.27085	0.23812
613.34210	0.23906
611.41335	0.24084
609.48460	0.24234
607.55586	0.24356
605.62711	0.24537
603.69836	0.24754
601.76961	0.24870
599.84086	0.24863
597.91211	0.24832
595.98336	0.24842
594.05461	0.24889
592.12587	0.24947
590.19712	0.24993
588.26837	0.25013
586.33962	0.24999
584.41087	0.24976
582.48212	0.24971
580.55337	0.24967
578.62462	0.24956
576.69588	0.24947
574.76713	0.24941
572.83838	0.24946
570.90963	0.24952
568.98088	0.24941
567.05213	0.24935
565.12338	0.24944
563.19463	0.24945
561.26589	0.24935
559.33714	0.24922
557.40839	0.24895
555.47964	0.24854
553.55089	0.24821
551.62214	0.24806
549.69339	0.24805
547.76464	0.24808
545.83590	0.24807
543.90715	0.24800
541.97840	0.24778
540.04965	0.24736
538.12090	0.24690
536.19215	0.24662
534.26340	0.24651
532.33465	0.24639
530.40591	0.24617
528.47716	0.24592
526.54841	0.24585
524.61966	0.24597
522.69091	0.24592
520.76216	0.24554
518.83341	0.24519
516.90466	0.24508
514.97592	0.24509
513.04717	0.24497
511.11842	0.24466
509.18967	0.24429
507.26092	0.24393
505.33217	0.24349
503.40342	0.24299
501.47467	0.24254
499.54593	0.24214
497.61718	0.24184
495.68843	0.24162
493.75968	0.24124
491.83093	0.24070
489.90218	0.24023
487.97343	0.23988
486.04468	0.23959
484.11594	0.23927
482.18719	0.23883
480.25844	0.23832
478.32969	0.23780
476.40094	0.23714
474.47219	0.23646
472.54344	0.23600
470.61469	0.23569
468.68595	0.23525
466.75720	0.23456
464.82845	0.23384
462.89970	0.23327
460.97095	0.23272
459.04220	0.23214
457.11345	0.23161
455.18470	0.23118
453.25596	0.23082
451.32721	0.23043
449.39846	0.22983
447.46971	0.22922
445.54096	0.22885
443.61221	0.22845
441.68346	0.22782
439.75471	0.22718
437.82597	0.22659
435.89722	0.22592
433.96847	0.22524
432.03972	0.22466
430.11097	0.22399
428.18222	0.22321
426.25347	0.22238
424.32472	0.22156
422.39598	0.22075
420.46723	0.21992
418.53848	0.21903
416.60973	0.21808
414.68098	0.21712
412.75223	0.21623
410.82348	0.21533
408.89473	0.21431
406.96599	0.21323
405.03724	0.21213
403.10849	0.21107
401.17974	0.21010
399.25099	0.20914
397.32224	0.20811
395.39349	0.20706
393.46474	0.20605
391.53600	0.20507
389.60725	0.20412
387.67850	0.20316
385.74975	0.20214
383.82100	0.20109
381.89225	0.20003
379.96350	0.19895
378.03475	0.19786
376.10601	0.19673
374.17726	0.19557
372.24851	0.19439
370.31976	0.19315
368.39101	0.19190
366.46226	0.19073
364.53351	0.18959
362.60476	0.18838
360.67602	0.18709
358.74727	0.18572
356.81852	0.18433
354.88977	0.18301
352.96102	0.18175
351.03227	0.18048
349.10352	0.17918
347.17477	0.17786
345.24603	0.17649
343.31728	0.17504
341.38853	0.17358
339.45978	0.17217
337.53103	0.17075
335.60228	0.16935
333.67353	0.16798
331.74478	0.16655
329.81604	0.16502
327.88729	0.16347
325.95854	0.16198
324.02979	0.16062
322.10104	0.15948
320.17229	0.15830
318.24354	0.15684
316.31479	0.15530
314.38605	0.15386
312.45730	0.15252
310.52855	0.15122
308.59980	0.14986
306.67105	0.14842
304.74230	0.14688
302.81355	0.14544
300.88480	0.14425
298.95606	0.14312
297.02731	0.14192
295.09856	0.14077
293.16981	0.13967
291.24106	0.13853
289.31231	0.13731
287.38356	0.13611
285.45481	0.13505
283.52607	0.13405
281.59732	0.13303
279.66857	0.13201
277.73982	0.13110
275.81107	0.13037
273.88232	0.12963
271.95357	0.12880
270.02482	0.12795
268.09608	0.12718
266.16733	0.12653
264.23858	0.12602
262.30983	0.12561
260.38108	0.12513
258.45233	0.12450
256.52358	0.12366
254.59483	0.12280
252.66609	0.12220
250.73734	0.12170
248.80859	0.12106
246.87984	0.12060
244.95109	0.12038
243.02234	0.12013
241.09359	0.11980
239.16484	0.11954
237.23610	0.11940
235.30735	0.11929
233.37860	0.11908
231.44985	0.11872
229.52110	0.11831
227.59235	0.11795
225.66360	0.11773
223.73485	0.11759
221.80611	0.11760
219.87736	0.11784
217.94861	0.11796
216.01986	0.11776
214.09111	0.11763
212.16236	0.11784
210.23361	0.11798
208.30486	0.11797
206.37612	0.11810
204.44737	0.11831
202.51862	0.11840
200.58987	0.11842
198.66112	0.11855
196.73237	0.11872
194.80362	0.11891
192.87487	0.11915
190.94613	0.11943
189.01738	0.11989
187.08863	0.12034
185.15988	0.12065
183.23113	0.12090
181.30238	0.12112
179.37363	0.12112
177.44488	0.12098
175.51614	0.12092
173.58739	0.12097
171.65864	0.12118
169.72989	0.12119
167.80114	0.12115
165.87239	0.12138
163.94364	0.12155
162.01489	0.12126
160.08615	0.12074
158.15740	0.12083
156.22865	0.12123
154.29990	0.12138
152.37115	0.12101
150.44240	0.12052
148.51365	0.12057
146.58490	0.12067
144.65616	0.12044
142.72741	0.11962
140.79866	0.11897
138.86991	0.11875
136.94116	0.11837
135.01241	0.11728
133.08366	0.11524
131.15491	0.11365
129.22617	0.11265
127.29742	0.11216
125.36867	0.11181
123.43992	0.11135
121.51117	0.11079
119.58242	0.10956
117.65367	0.10839
115.72492	0.10732
113.79618	0.10661
111.86743	0.10557
109.93868	0.10429
108.00993	0.10293
106.08118	0.10103
104.15243	0.09952
102.22368	0.09838
100.29493	0.09824
98.36619	0.09730
96.43744	0.09583
94.50869	0.09494
92.57994	0.09329
90.65119	0.09122
88.72244	0.08887
86.79369	0.08795
84.86494	0.08665
82.93620	0.08594
81.00745	0.08597
79.07870	0.08459
77.14995	0.08361
75.22120	0.08193
73.29245	0.08125
71.36370	0.07910
69.43495	0.07758
67.50621	0.07644
65.57746	0.07201
63.64871	0.06915
61.71996	0.06642
59.79121	0.06490
57.86246	0.06071
55.93371	0.05889
54.00496	0.06072
52.07622	0.05975
50.14747	0.05669
48.21872	0.05084
