746.42577	0.17598
744.49702	0.17713
742.56827	0.17830
740.63952	0.17958
738.71077	0.18088
736.78202	0.18211
734.85327	0.18332
732.92452	0.18444
730.99578	0.18545
729.06703	0.18648
727.13828	0.18755
725.20953	0.18860
723.28078	0.18966
721.35203	0.19072
719.42328	0.19175
717.49453	0.19278
715.56579	0.19382
713.63704	0.19484
711.70829	0.19581
709.77954	0.19675
707.85079	0.19766
705.92204	0.19858
703.99329	0.19958
702.06454	0.20058
700.13580	0.20152
698.20705	0.20239
696.27830	0.20325
694.34955	0.20417
692.42080	0.20513
690.49205	0.20617
688.56330	0.20722
686.63455	0.20820
684.70581	0.20906
682.77706	0.20984
680.84831	0.21064
678.91956	0.21150
676.99081	0.21237
675.06206	0.21323
673.13331	0.21405
671.20456	0.21478
669.27582	0.21548
667.34707	0.21629
665.41832	0.21715
663.48957	0.21795
661.56082	0.21868
659.63207	0.21939
657.70332	0.22011
655.77457	0.22088
653.84583	0.22170
651.91708	0.22244
649.98833	0.22300
648.05958	0.22355
646.13083	0.22425
644.20208	0.22497
642.27333	0.22554
640.34458	0.22604
638.41584	0.22666
636.48709	0.22734
634.55834	0.22780
632.62959	0.22810
630.70084	0.22849
628.77209	0.22899
626.84334	0.22952
624.91459	0.22980
622.98585	0.22960
621.05710	0.23006
619.12835	0.23137
617.19960	0.23129
615.27085	0.23049
613.34210	0.23079
611.41335	0.23280
609.48460	0.23554
607.55586	0.23621
605.62711	0.23531
603.69836	0.23559
601.76961	0.23680
599.84086	0.23761
597.91211	0.23812
595.98336	0.23839
594.05461	0.23836
592.12587	0.23829
590.19712	0.23838
588.26837	0.23852
586.33962	0.23859
584.41087	0.23879
582.48212	0.23928
580.55337	0.23966
578.62462	0.23959
576.69588	0.23933
574.76713	0.23925
572.83838	0.23947
570.90963	0.23976
568.98088	0.23981
567.05213	0.23983
565.12338	0.24014
563.19463	0.24060
561.26589	0.24080
559.33714	0.24066
557.40839	0.24052
555.47964	0.24051
553.55089	0.24040
551.62214	0.24013
549.69339	0.23993
547.76464	0.23982
545.83590	0.23978
543.90715	0.23980
541.97840	0.23983
540.04965	0.23990
538.12090	0.23999
536.19215	0.23995
534.26340	0.23978
532.33465	0.23953
530.40591	0.23935
528.47716	0.23937
526.54841	0.23945
524.61966	0.23940
522.69091	0.23926
520.76216	0.23918
518.83341	0.23925
516.90466	0.23937
514.97592	0.23929
513.04717	0.23909
511.11842	0.23896
509.18967	0.23889
507.26092	0.23878
505.33217	0.23855
503.40342	0.23815
501.47467	0.23782
499.54593	0.23761
497.61718	0.23736
495.68843	0.23710
493.75968	0.23686
491.83093	0.23654
489.90218	0.23623
487.97343	0.23604
486.04468	0.23582
484.11594	0.23543
482.18719	0.23497
480.25844	0.23453
478.32969	0.23413
476.40094	0.23368
474.47219	0.23311
472.54344	0.23252
470.61469	0.23203
468.68595	0.23159
466.75720	0.23108
464.82845	0.23046
462.89970	0.22987
460.97095	0.22931
459.04220	0.22871
457.11345	0.22820
455.18470	0.22786
453.25596	0.22766
451.32721	0.22739
449.39846	0.22672
447.46971	0.22594
445.54096	0.22536
443.61221	0.22485
441.68346	0.22434
439.75471	0.22387
437.82597	0.22337
435.89722	0.22277
433.96847	0.22209
432.03972	0.22139
430.11097	0.22074
428.18222	0.22010
426.25347	0.21941
424.32472	0.21873
422.39598	0.21805
420.46723	0.21729
418.53848	0.21646
416.60973	0.21563
414.68098	0.21478
412.75223	0.21400
410.82348	0.21334
408.89473	0.21260
406.96599	0.21173
405.03724	0.21080
403.10849	0.20980
401.17974	0.20871
399.25099	0.20768
397.32224	0.20689
395.39349	0.20612
393.46474	0.20512
391.53600	0.20403
389.60725	0.20303
387.67850	0.20207
385.74975	0.20114
383.82100	0.20036
381.89225	0.19951
379.96350	0.19847
378.03475	0.19736
376.10601	0.19622
374.17726	0.19514
372.24851	0.19422
370.31976	0.19330
368.39101	0.19224
366.46226	0.19111
364.53351	0.18991
362.60476	0.18866
360.67602	0.18743
358.74727	0.18626
356.81852	0.18515
354.88977	0.18395
352.96102	0.18258
351.03227	0.18121
349.10352	0.17997
347.17477	0.17881
345.24603	0.17757
343.31728	0.17617
341.38853	0.17475
339.45978	0.17335
337.53103	0.17196
335.60228	0.17062
333.67353	0.16935
331.74478	0.16801
329.81604	0.16647
327.88729	0.16483
325.95854	0.16334
324.02979	0.16209
322.10104	0.16095
320.17229	0.15967
318.24354	0.15824
316.31479	0.15679
314.38605	0.15533
312.45730	0.15396
310.52855	0.15264
308.59980	0.15130
306.67105	0.14985
304.74230	0.14822
302.81355	0.14667
300.88480	0.14551
298.95606	0.14452
297.02731	0.14344
295.09856	0.14224
293.16981	0.14088
291.24106	0.13934
289.31231	0.13794
287.38356	0.13691
285.45481	0.13599
283.52607	0.13491
281.59732	0.13371
279.66857	0.13252
277.73982	0.13164
275.81107	0.13113
273.88232	0.13052
271.95357	0.12964
270.02482	0.12870
268.09608	0.12778
266.16733	0.12694
264.23858	0.12632
262.30983	0.12582
260.38108	0.12522
258.45233	0.12445
256.52358	0.12358
254.59483	0.12281
252.66609	0.12229
250.73734	0.12174
248.80859	0.12106
246.87984	0.12054
244.95109	0.12025
243.02234	0.12005
241.09359	0.11985
239.16484	0.11952
237.23610	0.11904
235.30735	0.11859
233.37860	0.11829
231.44985	0.11798
229.52110	0.11761
227.59235	0.11729
225.66360	0.11717
223.73485	0.11709
221.80611	0.11710
219.87736	0.11727
217.94861	0.11724
216.01986	0.11685
214.09111	0.11643
212.16236	0.11634
210.23361	0.11652
208.30486	0.11688
206.37612	0.11718
204.44737	0.11702
202.51862	0.11691
200.58987	0.11740
198.66112	0.11808
196.73237	0.11836
194.80362	0.11850
192.87487	0.11877
190.94613	0.11881
189.01738	0.11872
187.08863	0.11886
185.15988	0.11919
183.23113	0.11939
181.30238	0.11962
179.37363	0.11994
177.44488	0.12020
175.51614	0.12047
173.58739	0.12056
171.65864	0.12054
169.72989	0.12056
167.80114	0.12075
165.87239	0.12088
163.94364	0.12093
162.01489	0.12108
160.08615	0.12071
158.15740	0.11981
156.22865	0.11918
154.29990	0.11930
152.37115	0.11919
150.44240	0.11849
148.51365	0.11816
146.58490	0.11817
144.65616	0.11807
142.72741	0.11721
140.79866	0.11605
138.86991	0.11515
136.94116	0.11475
135.01241	0.11446
133.08366	0.11346
131.15491	0.11246
129.22617	0.11149
127.29742	0.11074
125.36867	0.10991
123.43992	0.10924
121.51117	0.10883
119.58242	0.10774
117.65367	0.10645
115.72492	0.10490
113.79618	0.10411
111.86743	0.10348
109.93868	0.10227
108.00993	0.10102
106.08118	0.09978
104.15243	0.09844
102.22368	0.09627
100.29493	0.09556
98.36619	0.09573
96.43744	0.09535
94.50869	0.09411
92.57994	0.09169
90.65119	0.08953
88.72244	0.08726
86.79369	0.08642
84.86494	0.08593
82.93620	0.08567
81.00745	0.08533
79.07870	0.08381
77.14995	0.08269
75.22120	0.08094
73.29245	0.08073
71.36370	0.07765
69.43495	0.07305
67.50621	0.07063
65.57746	0.07008
63.64871	0.07092
61.71996	0.06709
59.79121	0.06464
57.86246	0.06202
55.93371	0.06052
54.00496	0.05870
52.07622	0.05442
50.14747	0.05232
48.21872	0.04880
