746.42577	0.18590
744.49702	0.18729
742.56827	0.18859
740.63952	0.18985
738.71077	0.19104
736.78202	0.19217
734.85327	0.19332
732.92452	0.19447
730.99578	0.19564
729.06703	0.19689
727.13828	0.19814
725.20953	0.19929
723.28078	0.20034
721.35203	0.20141
719.42328	0.20253
717.49453	0.20365
715.56579	0.20473
713.63704	0.20573
711.70829	0.20667
709.77954	0.20762
707.85079	0.20859
705.92204	0.20956
703.99329	0.21056
702.06454	0.21161
700.13580	0.21267
698.20705	0.21368
696.27830	0.21466
694.34955	0.21562
692.42080	0.21654
690.49205	0.21750
688.56330	0.21854
686.63455	0.21951
684.70581	0.22035
682.77706	0.22117
680.84831	0.22211
678.91956	0.22312
676.99081	0.22406
675.06206	0.22485
673.13331	0.22555
671.20456	0.22624
669.27582	0.22696
667.34707	0.22770
665.41832	0.22849
663.48957	0.22930
661.56082	0.23008
659.63207	0.23081
657.70332	0.23146
655.77457	0.23212
653.84583	0.23283
651.91708	0.23354
649.98833	0.23422
648.05958	0.23492
646.13083	0.23558
644.20208	0.23614
642.27333	0.23665
640.34458	0.23716
638.41584	0.23765
636.48709	0.23811
634.55834	0.23856
632.62959	0.23904
630.70084	0.23951
628.77209	0.23986
626.84334	0.24000
624.91459	0.23977
622.98585	0.23877
621.05710	0.23770
619.12835	0.23876
617.19960	0.24090
615.27085	0.24172
613.34210	0.24198
611.41335	0.24356
609.48460	0.24551
607.55586	0.24616
605.62711	0.24584
603.69836	0.24562
601.76961	0.24605
599.84086	0.24666
597.91211	0.24713
595.98336	0.24725
594.05461	0.24696
592.12587	0.24669
590.19712	0.24666
588.26837	0.24679
586.33962	0.24694
584.41087	0.24701
582.48212	0.24696
580.55337	0.24687
578.62462	0.24675
576.69588	0.24670
574.76713	0.24685
572.83838	0.24698
570.90963	0.24683
568.98088	0.24668
567.05213	0.24685
565.12338	0.24704
563.19463	0.24699
561.26589	0.24682
559.33714	0.24657
557.40839	0.24620
555.47964	0.24584
553.55089	0.24549
551.62214	0.24509
549.69339	0.24471
547.76464	0.24446
545.83590	0.24439
543.90715	0.24441
541.97840	0.24430
540.04965	0.24408
538.12090	0.24384
536.19215	0.24349
534.26340	0.24307
532.33465	0.24269
530.40591	0.24246
528.47716	0.24238
526.54841	0.24227
524.61966	0.24203
522.69091	0.24170
520.76216	0.24141
518.83341	0.24121
516.90466	0.24102
514.97592	0.24077
513.04717	0.24047
511.11842	0.24015
509.18967	0.23983
507.26092	0.23946
505.33217	0.23901
503.40342	0.23843
501.47467	0.23782
499.54593	0.23734
497.61718	0.23691
495.68843	0.23637
493.75968	0.23578
491.83093	0.23528
489.90218	0.23490
487.97343	0.23446
486.04468	0.23389
484.11594	0.23329
482.18719	0.23279
480.25844	0.23237
478.32969	0.23183
476.40094	0.23112
474.47219	0.23036
472.54344	0.22967
470.61469	0.22897
468.68595	0.22824
466.75720	0.22754
464.82845	0.22685
462.89970	0.22610
460.97095	0.22522
459.04220	0.22434
457.11345	0.22367
455.18470	0.22326
453.25596	0.22296
451.32721	0.22241
449.39846	0.22146
447.46971	0.22048
445.54096	0.21978
443.61221	0.21923
441.68346	0.21869
439.75471	0.21805
437.82597	0.21727
435.89722	0.21644
433.96847	0.21573
432.03972	0.21508
430.11097	0.21432
428.18222	0.21343
426.25347	0.21252
424.32472	0.21163
422.39598	0.21071
420.46723	0.20982
418.53848	0.20900
416.60973	0.20820
414.68098	0.20730
412.75223	0.20633
410.82348	0.20542
408.89473	0.20438
406.96599	0.20309
405.03724	0.20184
403.10849	0.20086
401.17974	0.19998
399.25099	0.19898
397.32224	0.19797
395.39349	0.19708
393.46474	0.19622
391.53600	0.19525
389.60725	0.19423
387.67850	0.19322
385.74975	0.19224
383.82100	0.19133
381.89225	0.19033
379.96350	0.18918
378.03475	0.18800
376.10601	0.18690
374.17726	0.18596
372.24851	0.18507
370.31976	0.18402
368.39101	0.18282
366.46226	0.18165
364.53351	0.18056
362.60476	0.17950
360.67602	0.17839
358.74727	0.17722
356.81852	0.17601
354.88977	0.17472
352.96102	0.17343
351.03227	0.17225
349.10352	0.17115
347.17477	0.17003
345.24603	0.16881
343.31728	0.16745
341.38853	0.16607
339.45978	0.16476
337.53103	0.16341
335.60228	0.16202
333.67353	0.16077
331.74478	0.15960
329.81604	0.15824
327.88729	0.15669
325.95854	0.15519
324.02979	0.15388
322.10104	0.15273
320.17229	0.15163
318.24354	0.15047
316.31479	0.14930
314.38605	0.14811
312.45730	0.14684
310.52855	0.14552
308.59980	0.14417
306.67105	0.14274
304.74230	0.14128
302.81355	0.14000
300.88480	0.13897
298.95606	0.13794
297.02731	0.13684
295.09856	0.13584
293.16981	0.13480
291.24106	0.13360
289.31231	0.13245
287.38356	0.13153
285.45481	0.13063
283.52607	0.12955
281.59732	0.12851
279.66857	0.12769
277.73982	0.12706
275.81107	0.12644
273.88232	0.12567
271.95357	0.12487
270.02482	0.12419
268.09608	0.12353
266.16733	0.12293
264.23858	0.12245
262.30983	0.12202
260.38108	0.12149
258.45233	0.12087
256.52358	0.12010
254.59483	0.11929
252.66609	0.11885
250.73734	0.11865
248.80859	0.11818
246.87984	0.11764
244.95109	0.11740
243.02234	0.11734
241.09359	0.11712
239.16484	0.11673
237.23610	0.11636
235.30735	0.11611
233.37860	0.11601
231.44985	0.11585
229.52110	0.11546
227.59235	0.11516
225.66360	0.11524
223.73485	0.11539
221.80611	0.11550
219.87736	0.11569
217.94861	0.11577
216.01986	0.11559
214.09111	0.11534
212.16236	0.11522
210.23361	0.11518
208.30486	0.11530
206.37612	0.11556
204.44737	0.11559
202.51862	0.11563
200.58987	0.11604
198.66112	0.11656
196.73237	0.11670
194.80362	0.11667
192.87487	0.11691
190.94613	0.11722
189.01738	0.11729
187.08863	0.11720
185.15988	0.11722
183.23113	0.11742
181.30238	0.11782
179.37363	0.11816
177.44488	0.11821
175.51614	0.11818
173.58739	0.11819
171.65864	0.11830
169.72989	0.11831
167.80114	0.11838
165.87239	0.11869
163.94364	0.11889
162.01489	0.11860
160.08615	0.11794
158.15740	0.11771
156.22865	0.11780
154.29990	0.11782
152.37115	0.11743
150.44240	0.11680
148.51365	0.11630
146.58490	0.11569
144.65616	0.11524
142.72741	0.11463
140.79866	0.11375
138.86991	0.11281
136.94116	0.11218
135.01241	0.11186
133.08366	0.11149
131.15491	0.11148
129.22617	0.11104
127.29742	0.11016
125.36867	0.10914
123.43992	0.10828
121.51117	0.10757
119.58242	0.10655
117.65367	0.10562
115.72492	0.10415
113.79618	0.10287
111.86743	0.10181
109.93868	0.10099
108.00993	0.10021
106.08118	0.09882
104.15243	0.09749
102.22368	0.09561
100.29493	0.09427
98.36619	0.09318
96.43744	0.09204
94.50869	0.09090
92.57994	0.08995
90.65119	0.08951
88.72244	0.08723
86.79369	0.08527
84.86494	0.08368
82.93620	0.08211
81.00745	0.08068
79.07870	0.07936
77.14995	0.07857
75.22120	0.07578
73.29245	0.07344
71.36370	0.07049
69.43495	0.06840
67.50621	0.06751
65.57746	0.06641
63.64871	0.06598
61.71996	0.06336
59.79121	0.06211
57.86246	0.05849
55.93371	0.05426
54.00496	0.05049
52.07622	0.04842
50.14747	0.04878
48.21872	0.04586
