746.42577	0.18933
744.49702	0.19051
742.56827	0.19170
740.63952	0.19296
738.71077	0.19441
736.78202	0.19595
734.85327	0.19726
732.92452	0.19829
730.99578	0.19931
729.06703	0.20044
727.13828	0.20158
725.20953	0.20264
723.28078	0.20367
721.35203	0.20478
719.42328	0.20591
717.49453	0.20697
715.56579	0.20804
713.63704	0.20913
711.70829	0.21016
709.77954	0.21110
707.85079	0.21198
705.92204	0.21285
703.99329	0.21379
702.06454	0.21482
700.13580	0.21586
698.20705	0.21685
696.27830	0.21782
694.34955	0.21883
692.42080	0.21989
690.49205	0.22095
688.56330	0.22192
686.63455	0.22279
684.70581	0.22363
682.77706	0.22452
680.84831	0.22541
678.91956	0.22622
676.99081	0.22696
675.06206	0.22772
673.13331	0.22859
671.20456	0.22949
669.27582	0.23031
667.34707	0.23097
665.41832	0.23159
663.48957	0.23231
661.56082	0.23308
659.63207	0.23377
657.70332	0.23441
655.77457	0.23510
653.84583	0.23590
651.91708	0.23667
649.98833	0.23733
648.05958	0.23798
646.13083	0.23868
644.20208	0.23928
642.27333	0.23977
640.34458	0.24028
638.41584	0.24082
636.48709	0.24131
634.55834	0.24170
632.62959	0.24200
630.70084	0.24217
628.77209	0.24235
626.84334	0.24276
624.91459	0.24298
622.98585	0.24196
621.05710	0.24078
619.12835	0.24118
617.19960	0.24190
615.27085	0.24322
613.34210	0.24494
611.41335	0.24591
609.48460	0.24634
607.55586	0.24627
605.62711	0.24704
603.69836	0.24923
601.76961	0.25056
599.84086	0.25010
597.91211	0.24941
595.98336	0.24940
594.05461	0.24969
592.12587	0.24983
590.19712	0.24985
588.26837	0.24991
586.33962	0.25006
584.41087	0.25019
582.48212	0.25024
580.55337	0.25020
578.62462	0.25002
576.69588	0.24976
574.76713	0.24965
572.83838	0.24975
570.90963	0.24978
568.98088	0.24963
567.05213	0.24957
565.12338	0.24973
563.19463	0.24991
561.26589	0.24985
559.33714	0.24953
557.40839	0.24920
555.47964	0.24898
553.55089	0.24878
551.62214	0.24845
549.69339	0.24807
547.76464	0.24780
545.83590	0.24754
543.90715	0.24716
541.97840	0.24674
540.04965	0.24641
538.12090	0.24612
536.19215	0.24576
534.26340	0.24537
532.33465	0.24504
530.40591	0.24482
528.47716	0.24468
526.54841	0.24459
524.61966	0.24445
522.69091	0.24418
520.76216	0.24380
518.83341	0.24344
516.90466	0.24320
514.97592	0.24303
513.04717	0.24281
511.11842	0.24240
509.18967	0.24185
507.26092	0.24130
505.33217	0.24076
503.40342	0.24020
501.47467	0.23972
499.54593	0.23939
497.61718	0.23909
495.68843	0.23866
493.75968	0.23803
491.83093	0.23741
489.90218	0.23688
487.97343	0.23639
486.04468	0.23589
484.11594	0.23538
482.18719	0.23486
480.25844	0.23431
478.32969	0.23366
476.40094	0.23296
474.47219	0.23233
472.54344	0.23170
470.61469	0.23095
468.68595	0.23015
466.75720	0.22939
464.82845	0.22867
462.89970	0.22792
460.97095	0.22715
459.04220	0.22643
457.11345	0.22586
455.18470	0.22538
453.25596	0.22491
451.32721	0.22432
449.39846	0.22350
447.46971	0.22263
445.54096	0.22191
443.61221	0.22128
441.68346	0.22060
439.75471	0.21990
437.82597	0.21925
435.89722	0.21857
433.96847	0.21780
432.03972	0.21697
430.11097	0.21615
428.18222	0.21532
426.25347	0.21437
424.32472	0.21350
422.39598	0.21272
420.46723	0.21179
418.53848	0.21074
416.60973	0.20976
414.68098	0.20882
412.75223	0.20784
410.82348	0.20687
408.89473	0.20585
406.96599	0.20478
405.03724	0.20368
403.10849	0.20259
401.17974	0.20153
399.25099	0.20053
397.32224	0.19963
395.39349	0.19871
393.46474	0.19777
391.53600	0.19681
389.60725	0.19581
387.67850	0.19481
385.74975	0.19382
383.82100	0.19287
381.89225	0.19188
379.96350	0.19082
378.03475	0.18973
376.10601	0.18864
374.17726	0.18758
372.24851	0.18664
370.31976	0.18569
368.39101	0.18456
366.46226	0.18333
364.53351	0.18220
362.60476	0.18105
360.67602	0.17974
358.74727	0.17845
356.81852	0.17727
354.88977	0.17608
352.96102	0.17482
351.03227	0.17355
349.10352	0.17229
347.17477	0.17109
345.24603	0.16994
343.31728	0.16870
341.38853	0.16731
339.45978	0.16593
337.53103	0.16471
335.60228	0.16352
333.67353	0.16221
331.74478	0.16083
329.81604	0.15943
327.88729	0.15806
325.95854	0.15674
324.02979	0.15540
322.10104	0.15409
320.17229	0.15282
318.24354	0.15158
316.31479	0.15034
314.38605	0.14909
312.45730	0.14787
310.52855	0.14669
308.59980	0.14546
306.67105	0.14404
304.74230	0.14257
302.81355	0.14137
300.88480	0.14040
298.95606	0.13933
297.02731	0.13810
295.09856	0.13692
293.16981	0.13584
291.24106	0.13473
289.31231	0.13365
287.38356	0.13273
285.45481	0.13189
283.52607	0.13095
281.59732	0.12991
279.66857	0.12890
277.73982	0.12804
275.81107	0.12740
273.88232	0.12684
271.95357	0.12617
270.02482	0.12541
268.09608	0.12470
266.16733	0.12403
264.23858	0.12337
262.30983	0.12279
260.38108	0.12233
258.45233	0.12185
256.52358	0.12124
254.59483	0.12053
252.66609	0.11997
250.73734	0.11959
248.80859	0.11930
246.87984	0.11907
244.95109	0.11886
243.02234	0.11868
241.09359	0.11847
239.16484	0.11809
237.23610	0.11760
235.30735	0.11719
233.37860	0.11694
231.44985	0.11685
229.52110	0.11677
227.59235	0.11655
225.66360	0.11634
223.73485	0.11630
221.80611	0.11642
219.87736	0.11659
217.94861	0.11659
216.01986	0.11634
214.09111	0.11614
212.16236	0.11616
210.23361	0.11621
208.30486	0.11642
206.37612	0.11681
204.44737	0.11697
202.51862	0.11703
200.58987	0.11723
198.66112	0.11750
196.73237	0.11760
194.80362	0.11759
192.87487	0.11768
190.94613	0.11785
189.01738	0.11803
187.08863	0.11826
185.15988	0.11863
183.23113	0.11879
181.30238	0.11880
179.37363	0.11897
177.44488	0.11916
175.51614	0.11930
173.58739	0.11930
171.65864	0.11915
169.72989	0.11892
167.80114	0.11904
165.87239	0.11929
163.94364	0.11911
162.01489	0.11863
160.08615	0.11826
158.15740	0.11825
156.22865	0.11818
154.29990	0.11798
152.37115	0.11766
150.44240	0.11727
148.51365	0.11692
146.58490	0.11635
144.65616	0.11598
142.72741	0.11566
140.79866	0.11539
138.86991	0.11476
136.94116	0.11377
135.01241	0.11327
133.08366	0.11320
131.15491	0.11340
129.22617	0.11318
127.29742	0.11248
125.36867	0.11075
123.43992	0.10838
121.51117	0.10657
119.58242	0.10567
117.65367	0.10591
115.72492	0.10581
113.79618	0.10533
111.86743	0.10424
109.93868	0.10264
108.00993	0.10124
106.08118	0.09996
104.15243	0.09906
102.22368	0.09734
100.29493	0.09550
98.36619	0.09324
96.43744	0.09164
94.50869	0.09176
92.57994	0.09205
90.65119	0.09129
88.72244	0.08855
86.79369	0.08665
84.86494	0.08493
82.93620	0.08390
81.00745	0.08316
79.07870	0.08102
77.14995	0.07913
75.22120	0.07604
73.29245	0.07366
71.36370	0.07157
69.43495	0.07161
67.50621	0.07305
65.57746	0.07331
63.64871	0.07400
61.71996	0.06963
59.79121	0.06490
57.86246	0.06010
55.93371	0.05782
54.00496	0.05480
52.07622	0.05024
50.14747	0.04953
48.21872	0.04839
